0000
0000
f500
000d
2a50
0058
2060
0058
f860
006c
2010
0058
2050
0058
7700
000f
0000
0000
ff50
005f
00f0
00c0
00b0
00c0
bb20
000f
40a0
00b0
40b0
00b0
fb00
000b
0000
0000
fd40
000d
02d0
00d2
00f0
0070
77e0
0037
00e0
0070
00e0
00f0
dd60
002d
0000
0000
ff70
006f
00f0
0090
00f0
0010
66f0
009f
00f0
0090
00f0
0090
bb70
002b
0000
0000
0000
0000
0000
0000
0000
0000
0000
0000
0000
0000
0000
0000
0000
0000
0000
0000
0000
0000
0000
0000
0000
0000
0000
0000
0000
0000
0000
0000
0000
0000
0000
0000
0000
0000
0000
0000
0000
0000
0000
0000
0000
0000
0000
0000
0000
0000
0000
0000
0000
0000
0000
0000
0000
0000
0000
0000
0000
0000
0000
0000
0000
0000
0000
0000
0000
0000
0000
0000
0000
0000
0000
0000
0000
0000
0000
0000
0000
0000
0000
0000
0000
0000
0000
0000
0000
0000
0000
0000
0000
0000
0000
0000
0000
0000
0000
0000
0000
0000
0000
0000
0000
0000
0000
0000
0000
0000
0000
0000
0000
0000
0000
0000
0000
0000
0000
0000
0000
0000
0000
0000
0000
0000
0000
0000
0000
0000
0000
0000
0000
0000
0000
0000
0000
0000
0000
0000
0000
0000
0000
0000
0000
0000
0000
0000
0000
0000
0000
0000
0000
0000
0000
0000
0000
0000
0000
0000
0000
0000
0000
0000
0000
0000
0000
0000
0000
0000
0000
0000
0000
0000
0000
0000
0000
0000
3210
7654
ba98
fedc
0000
0000
0000
0000
3210
7654
ba98
fedc
0000
0000
0000
0000
0000
0000
0000
0000
0000
0000
0000
0000
0000
0000
0000
0000
0000
0000
0000
0000
a000
000a
aa00
00aa
aa00
0733
aaa0
0f3a
9aa0
0f3a
99a0
73aa
aaa0
f3aa
eea0
f3aa
0000
0000
0000
0000
0000
0000
0000
0000
0000
8000
0000
8000
0000
c880
a700
cccc
0000
0000
0000
0000
0000
0000
0cc8
0000
ce1c
0000
ceec
0000
2ccc
0e22
5ccc
0022
0000
0000
0000
0000
0000
0000
0000
0000
0000
0000
0000
0000
0000
0000
0000
0000
0000
0000
0000
0000
0000
0000
0000
0000
0000
0000
0000
0000
f700
00ff
eff0
73ff
0000
0000
0000
0000
0000
0000
0000
0000
0000
8000
0000
8000
0000
c880
a700
cccc
0000
0000
0000
0000
0000
0000
0cc8
0000
ce1c
0000
ceec
0000
2ccc
0e22
5ccc
0022
0000
0000
0000
0000
0000
0000
0000
0000
0000
0000
0000
0000
0000
0000
0000
0000
0000
0000
0000
0000
0000
0000
0000
0000
0000
0000
0000
0000
0000
0000
0000
0000
0000
0000
0000
0000
0000
0000
0000
0000
0000
0000
0000
8000
0000
8000
0000
c880
0000
0000
0000
0000
0000
0000
0000
0000
0cc8
0000
ce1c
0000
ceec
0000
2ccc
0e22
4000
0001
2400
00a2
2400
00a2
2400
00a2
2400
00a2
2400
00a2
2400
00a2
a240
0aaa
e000
000e
ee00
00ee
ee00
00ee
ee00
00ee
ee00
00ee
ee00
00ee
ee00
00ee
eee0
0eee
0000
0000
0000
0000
0000
0000
0000
0000
0000
0000
0000
0000
0000
0000
0000
0000
0000
0000
0000
0000
0000
0000
0000
0000
0000
0000
0000
0000
0000
0000
0000
0000
0000
0000
0000
7ff7
ff0a
ffff
baa0
bbbb
aa00
bbbe
b000
aaaa
b000
aaab
0000
aaab
aa00
f3aa
aa77
3aaa
aaff
aaaa
aaab
aaaa
aaab
aaaa
aaaa
aaaa
aaaa
6aaa
aaaa
336a
af77
cccc
afff
5cca
bbfb
00aa
bbbb
000b
bbba
0000
00b6
0000
0003
0000
0000
0000
055c
0000
0055
0000
0000
0000
0000
0000
0000
0000
0000
0000
0000
0000
0000
0000
0000
0000
0000
7ff7
ff0a
ffff
baa0
bbbb
aa00
bbbe
b000
aaaa
b000
aaab
0000
aaab
99f0
f3aa
abb7
3aaa
aaff
a666
aaab
aaaa
aaab
aaaa
aaaa
aaaa
aaaa
6aaa
aaaa
336a
af77
cccc
afff
5cca
bbfb
00aa
bbbb
000b
bbba
0000
00b6
0000
0003
0000
0000
0000
055c
0000
0055
0000
0000
0000
0000
0000
0000
0000
0000
0000
0000
0000
0000
0000
0000
0000
0000
0000
0000
7ff7
ff0a
ffff
baa0
bbbb
aa00
bbbe
b000
aaaa
b000
aaab
0000
0000
f700
77ff
ff77
777f
ffff
777f
ffbb
777f
fb6b
777f
fb6a
77ff
fbaa
77ff
a700
cccc
af77
cccc
afff
5cca
bbfb
00aa
bbbb
000b
bbbb
0000
00bb
0000
000b
0000
5ccc
0022
055c
0000
0055
0000
0000
0000
0000
0000
0000
0000
0000
0000
0000
0000
0000
0000
0000
0000
0000
0000
0000
0000
0000
0000
0000
0000
0000
0000
0000
0000
0000
0000
0000
0000
0000
0000
0000
0000
0000
0000
0000
0000
0000
0000
0000
0000
0000
0000
0000
0000
0000
0000
0000
0000
0000
0000
0000
0000
0000
0000
0000
0000
0000
0000
0000
0000
0000
0000
0000
0000
0000
0000
0000
0000
0000
0000
0000
0000
0000
aab0
0000
a000
0000
0000
0000
2200
0000
2220
0000
0200
0000
0000
0000
0000
6aaa
0033
336a
0000
0036
0000
0003
0000
0000
0000
0000
0000
0000
0000
0000
0000
0000
0000
0000
0000
0000
0000
0000
0000
0000
0000
0000
0000
0000
0000
0000
0000
0000
0000
0000
0000
0000
0000
0000
0000
0000
0000
0000
0000
0000
0000
0000
0000
0000
aab0
0000
a000
0000
0000
0000
2200
0000
2220
0000
0200
0000
0000
0000
0000
6aaa
0033
336a
0000
0036
0000
0003
0000
0000
0000
0000
0000
0000
0000
0000
0000
0000
0000
0000
0000
0000
0000
0000
0000
0000
0000
0000
0000
0000
0000
0000
0000
0000
0000
0000
0000
0000
0000
0000
0000
0000
0000
0000
0000
0000
0000
0000
0000
0000
aaab
0000
aab0
0000
a000
0000
0000
0000
2200
0000
2220
0000
0200
0000
0000
b9aa
7fff
6aaa
fffb
336a
ffb0
0036
bb00
0003
0000
0000
0000
0000
0000
0000
0000
000b
0000
000b
0000
000b
0000
000b
0000
0000
0000
0000
0000
0000
0000
0000
0000
0000
0000
0000
0000
0000
0000
0000
0000
0000
0000
0000
0000
0000
0000
0000
0000
0000
0000
0000
0000
0000
0000
0000
0000
0000
0000
0000
0000
0000
0000
0000
0000
0000
0000
0000
0000
0000
0000
0000
0000
0000
0000
0000
0000
0000
0000
0000
0000
0000
0000
0000
0000
0000
0000
0000
0000
0000
0000
0000
0000
0000
0000
0000
0000
0000
0000
0000
0000
0000
0000
0000
0000
0000
0000
0000
0000
0000
0000
0000
0000
0000
0000
0000
0000
0000
0000
0000
0000
0000
0000
0000
0000
0000
0000
0000
0000
0000
0000
0000
0000
0000
0000
0000
0000
0000
0000
0000
0000
0000
0000
f000
00ff
0000
0000
0000
0000
0000
8000
0000
c800
0000
cc80
0000
cccc
aa00
cccc
a777
5cca
0000
0000
00c8
0000
0ecc
0000
eecc
0022
cccc
0022
2ccc
0002
055c
0000
0055
0000
0000
0000
0000
0000
0000
0000
0000
0000
0000
0000
0000
0000
0000
0000
0000
fff0
0000
0000
0000
0000
0000
0000
0000
0000
0000
0000
0000
0000
0fff
0000
f777
00ff
0000
0000
0000
0000
0000
8000
0000
c800
0000
cc80
0000
cccc
aa00
cccc
a777
5cca
0000
0000
00c8
0000
0ecc
0000
eecc
0022
cccc
0022
2ccc
0002
055c
0000
0055
0000
0000
0000
0000
0000
0000
0000
0000
a000
0000
a000
0000
a000
0000
0000
0000
0000
0000
0000
0ff0
0000
f7ff
0000
7fff
000f
7fff
0007
ffff
00f7
fffa
00f7
fffa
00f7
0000
0000
0000
0000
0000
8000
0000
c800
0000
cc80
0000
cccc
aa00
cccc
a777
5cca
0000
0000
00c8
0000
0ecc
0000
eecc
0022
cccc
0022
2ccc
0002
055c
0000
0055
0000
0000
0000
0000
0000
0000
0000
0000
0000
0000
0000
0000
0000
0000
0000
0000
0000
0000
0000
0000
0000
0000
0000
0000
0000
0000
0000
0000
0000
0000
0000
0000
0000
0000
0000
0000
0000
0000
0000
0000
0000
0000
0000
0000
0000
0000
0000
0000
0000
0000
0000
0000
0000
0000
0000
0000
0000
0000
0000
0000
0000
0000
0000
0000
0000
0000
0000
0000
0000
0000
7000
0000
ff70
0000
0ff0
0000
0000
0000
f000
0000
fff0
7770
ff77
7f77
77f7
7fff
7777
f7ff
77f7
7fff
7777
77ff
7f77
777f
ffff
f777
ffff
f777
00aa
ff7f
000a
bf77
000b
b7f7
000b
f777
000b
f77f
0000
f77f
0000
ff7f
0000
0000
0000
0000
0000
0000
0000
0000
0000
0000
0000
0000
0000
0000
0000
0000
0000
0000
777b
0000
ffb0
0000
fb00
0000
0000
0000
0000
0000
0000
0000
f000
0000
fff0
7777
ff77
77ff
77f7
7fff
7777
f7f0
77f7
7fff
7777
77ff
7f77
777f
ffff
f777
aaff
f777
00aa
ff7f
000a
bf77
000b
f7f7
00ff
f777
0ffb
777f
f777
7fff
7777
fbba
77ff
0000
0000
0000
0000
0000
0000
0000
0000
0000
0000
000f
0000
0ff7
0000
f777
0000
0000
0000
0000
0000
0000
0000
0000
0000
0000
0000
0000
0000
0000
f000
0000
fff0
7ff0
ff77
7fa0
77f7
7fa0
7777
f7f0
77f7
7fff
7777
77ff
7f77
777f
ffff
f777
aaff
f777
00aa
ff7f
000a
bf77
000b
f7f7
ffff
7777
7777
ffff
ffff
0aaa
ff00
0000
0000
0000
0000
0000
0000
ffff
0000
f777
00ff
0fff
0000
00ff
0000
0000
0000
0000
0000
0000
0000
0000
0000
0000
0000
0000
0000
0000
0000
0000
0000
0000
0000
0000
0000
0000
0000
0000
0000
0000
0000
0000
0000
0000
0000
0000
0000
0000
0000
0000
0000
0000
0000
0000
0000
0000
0000
0000
0000
0000
0000
0000
0000
0000
0000
0000
0000
0000
0000
0000
0000
0000
0000
0000
0000
0000
0000
0000
0000
0000
0000
0000
0000
a000
fff0
0000
aaaa
2000
a002
2200
0002
2000
2000
0000
2200
0000
0000
0000
0000
ff77
fffb
bfff
ffb0
0bbf
bb00
000b
b000
0002
b000
0002
b000
0000
b000
0000
0000
ff7f
0000
0f7f
0000
0fff
0000
0fff
0000
0fff
0000
00ff
0000
00ff
0000
00bb
0000
0000
0000
0000
0000
0000
0000
0000
0000
0000
0000
0000
0000
0000
0000
0000
0000
a000
fff0
0000
aaaa
2000
a002
2200
0002
2000
2000
0000
2200
0000
2000
0000
0000
ff77
00ab
bfff
0000
0bbf
0000
000b
0000
0002
0000
0002
0000
0000
0000
0000
0000
0000
ffbb
0000
b000
0000
0000
0000
0000
0000
0000
0000
0000
0000
0000
0000
0000
bf7f
0000
00bb
0000
0000
0000
0000
0000
0000
0000
0000
0000
0000
0000
0000
0000
a000
fff0
0000
aaaa
2000
a002
2200
0002
2000
2000
0000
2200
0000
2000
0000
0000
ff77
00ab
bfff
0000
0bbf
0000
000b
0000
0002
0000
0002
0000
0000
0000
0000
0000
0000
0000
0000
0000
0000
0000
0000
0000
0000
0000
0000
0000
0000
0000
0000
0000
0000
0000
0000
0000
0000
0000
0000
0000
0000
0000
0000
0000
0000
0000
0000
0000
0000
0000
0000
0000
0000
0000
0000
0000
0000
0000
0000
0000
0000
0000
0000
0000
0000
0000
0000
0000
0000
0000
0000
0000
0000
0000
0000
0000
0000
0000
0000
0000
0000
0000
0000
0000
0000
0000
0000
0000
0000
0000
0000
0000
0000
0000
0000
0000
0000
0000
0000
0000
0000
0000
0000
0000
0000
0000
0000
0000
0000
0000
0000
0000
0000
0000
0000
0000
0000
0000
0000
0000
0000
0000
0000
0000
0000
0000
0000
0000
0000
c800
0000
c800
0000
cc80
0000
cc80
0000
c800
0000
a800
0000
7a00
0000
7f00
00cc
0000
00cc
0000
0ccc
0000
05cc
0000
005c
0000
005a
0000
00a7
0000
00f7
0000
0000
0000
0000
0000
0000
0000
0000
0000
0000
0000
0000
0000
0000
0000
0000
0000
0000
0000
0000
0000
0000
0000
0000
0000
0000
0000
0000
0000
0000
0000
0000
0000
0000
c800
0000
c800
0000
cc80
0000
cc80
0000
c800
0000
a800
0000
7a00
0000
7f00
00cc
0000
00cc
0000
0ccc
0000
05cc
0000
005c
0000
005a
0000
00a7
0000
00f7
0000
0000
0000
0000
0000
0000
0000
0000
0000
0000
0000
0000
0000
0000
0000
0000
0000
0000
0000
0000
00f0
0000
0ffb
b000
0fff
ba00
ffff
ba00
7fff
b900
77ff
b900
77ff
0000
c800
0000
c800
0000
cc80
0000
cc80
0000
c800
0000
a800
0007
7a00
0007
7f00
00cc
0000
00cc
0000
0ccc
0000
05cc
0000
005c
0000
005a
0000
00a7
7000
00f7
7000
0000
0000
0f00
0000
bff0
0000
fff0
000b
ffff
00ab
fff7
00ab
ff77
009b
ff77
009b
0000
0000
0000
0000
0000
0000
0000
0000
0000
0000
0000
0000
0000
0000
0000
0000
0000
0000
0000
0000
0000
0000
0000
0000
0000
0000
0000
0000
0000
0000
0000
0000
0000
0000
0000
0000
0000
0000
0000
0000
0000
0000
0000
0000
0000
0000
0000
0000
0000
0000
0000
0000
0000
0000
0000
0000
0000
0000
0000
0000
0000
0000
0000
0000
0000
0000
0000
0000
0000
0000
0000
0000
0000
0000
0000
0000
0000
0000
0000
0000
0000
7f00
0000
7f70
0000
77f7
7000
7777
7700
77f7
ff70
7ffb
bff0
77ff
fbff
7fff
00f7
0000
07f7
0000
7f77
0000
7777
0007
7f77
0077
bff7
07ff
ff77
0ffb
fff7
ffbf
0000
0000
0000
0000
0000
0000
0000
0000
0000
0000
0000
0000
0000
0000
0000
0000
0000
777f
ff00
7fff
fffb
ffff
fbba
fbbf
b9a0
baeb
9000
a00a
0000
0000
0000
0000
0007
7f00
0777
7f70
777f
77f7
7fff
7777
ffff
77f7
ffba
7ffb
baa0
77ff
f000
7fff
00f7
7000
07f7
7770
7f77
f777
7777
fff7
7f77
ffff
bff7
abff
ff77
0aab
fff7
000f
f777
0000
fff7
00ff
ffff
bfff
fbbf
abbf
beab
0a9b
a00a
0009
0000
0000
0000
0000
ba00
7fff
e000
ffff
a000
fffb
0000
ffba
0000
fba0
0000
ba00
0000
a000
0000
0000
0077
7f00
077f
7f70
77ff
77f7
7fff
7777
ffff
77f7
ffff
7ffb
bfba
77ff
faa0
7fff
00f7
7700
07f7
f770
7f77
ff77
7777
fff7
7f77
ffff
bff7
ffff
ff77
abfb
fff7
0aaf
fff7
00ab
ffff
000e
bfff
000a
abff
0000
0abf
0000
00ab
0000
000a
0000
0000
0000
0000
0000
0000
0000
0000
0000
0000
0000
0000
0000
0000
0000
0000
0000
0000
0000
0000
0000
0000
0000
0000
0000
0000
0000
0000
0000
0000
0000
0000
0000
0000
0000
0000
0000
0000
0000
0000
0000
0000
0000
0000
0000
0000
0000
0000
0000
0000
0000
0000
0000
0000
0000
0000
0000
0000
0000
0000
0000
0000
0000
0000
0000
0000
0000
0000
0000
0000
f000
0000
bf00
0000
9bf0
0000
aaab
0000
0000
0000
0000
0000
0000
fabf
bfff
aaeb
abff
a0aa
aafa
0009
aaaa
0000
aaa2
0000
0002
2000
0022
0000
0002
fffb
fbaf
ffba
beaa
afaa
aa0a
aaaa
9000
2aaa
0000
2000
0000
2200
0002
2000
0000
0000
0000
000f
0000
00fb
0000
0fb9
0000
baaa
0000
0000
0000
0000
0000
0000
0000
0000
0000
0000
0000
0000
0000
0000
0000
0000
0000
0000
0000
0000
0000
0000
0000
f000
bfff
a000
abff
a000
aafa
0000
aaaa
0000
aaa2
0000
0002
2000
0022
0000
0002
fffb
000f
ffba
000a
afaa
000a
aaaa
0000
2aaa
0000
2000
0000
2200
0002
2000
0000
0000
0000
0000
0000
0000
0000
0000
0000
0000
0000
0000
0000
0000
0000
0000
0000
0000
0000
0000
0000
0000
0000
0000
0000
0000
0000
0000
0000
0000
0000
0000
0000
f000
bfff
a000
abff
a000
aafa
0000
aaaa
0000
aaa2
0000
0002
2000
0022
0000
0002
fffb
000f
ffba
000a
afaa
000a
aaaa
0000
2aaa
0000
2000
0000
2200
0002
2000
0000
0000
0000
0000
0000
0000
0000
0000
0000
0000
0000
0000
0000
0000
0000
0000
0000
0000
0000
0000
0000
0000
0000
0000
0000
0000
0000
0000
0000
0000
0000
0000
0000
0000
0000
0000
0000
0000
0000
0000
0000
0000
0000
0000
0000
0000
0000
0000
0000
0000
0000
0000
0000
0000
0000
0000
0000
0000
0000
0000
0000
0000
0000
0000
0000
0000
0000
0000
0000
0000
0000
0000
0000
0000
0000
0000
0000
0000
0000
0000
0000
0000
0000
0f00
0000
f000
000f
0000
0000
0000
0000
0000
0000
0000
f000
0000
ff00
000f
0000
0000
0000
0000
0000
0000
0000
0000
8000
0077
8000
7777
c800
7fff
c807
0000
0000
0000
0000
0000
0000
0ccc
0000
e1e1
0000
eeee
0000
cccc
0000
2ccc
000e
0000
0000
0000
0000
0000
0000
0000
0000
0000
0000
0000
0000
0000
0aa0
0000
0aa9
0000
0000
0000
0000
0000
0000
0000
0000
0000
0000
0000
0000
0000
0000
0000
0000
0000
a000
2000
a000
2200
a202
2000
222a
0f00
a2aa
fff0
aaa0
aaf0
aaa0
aaf0
faaa
000a
0000
000a
0000
0000
0000
a0aa
0fba
a0aa
0ffb
baaa
0fff
fbaa
0fff
ffba
00ff
0000
0000
0000
0000
0000
0000
0000
0000
0000
0000
0000
0000
0000
0000
0000
0000
0000
0000
0000
0000
0000
0000
0000
0000
0000
0000
0000
0000
0000
0000
0000
0000
0000
0000
0000
0000
0000
0000
0000
0000
0000
0000
0000
0000
0000
0000
0000
0000
0000
0000
0000
0000
0000
0000
0000
0000
0000
0000
0000
0000
0000
0000
0000
0000
0000
0000
0000
0000
0000
0000
0000
0000
0000
0000
0000
0000
0000
0000
0000
0000
0000
0000
0000
0000
0000
0000
0000
0000
0000
0000
0000
0000
0000
0000
0000
0000
0000
0000
0000
0000
0000
0000
0000
0000
0000
0000
0000
0000
0000
0000
0000
0000
0000
0000
0000
0000
0000
0000
0000
0000
0000
0000
0000
0000
0000
0000
0000
0000
0000
0000
0000
0000
0000
0000
0000
0000
0000
0000
0000
0000
0000
0000
0000
0000
0000
fff0
0000
bff0
0000
9abf
0000
90ab
0000
00aa
0000
0000
0000
0000
0000
0000
ffbf
8007
ffeb
8007
fb0a
a07f
ba00
a07f
a000
ffff
0000
bffa
0000
bffa
00ff
aff0
022c
0000
2ccc
000e
05cc
0000
0aaa
0000
0b77
0000
7bbb
0777
ffbb
77ff
fbba
ffbf
1000
0099
1e00
0001
eea0
0000
0aa0
0000
000a
0000
0000
0000
0f00
0000
00ff
0000
0000
0000
0000
0000
0000
0000
0000
0000
0000
0000
0000
0000
0000
0000
0000
0000
af00
baaa
f000
faaa
0000
fbaa
0000
ffaf
0000
ffa0
0000
ffa0
0000
7fb0
0000
7ff0
fffb
000f
ffff
0007
7fff
0000
077f
0000
007f
0000
0077
0000
0007
0000
0000
0000
0000
0000
0000
0000
0000
0000
0000
0000
0000
0000
0000
0000
0000
0000
0000
0000
0000
0000
0000
0000
0000
0000
0000
0000
0000
0000
0000
0000
0000
0000
0000
0000
0000
0000
0000
0000
0000
0000
0000
0000
0000
0000
0000
0000
0000
0000
0000
0000
0000
0000
0000
0000
0000
0000
0000
0000
0000
0000
0000
0000
0000
0000
0000
0000
0000
0000
0000
0000
0000
0000
0000
0000
0000
0000
0000
0000
0000
0000
0000
0000
0000
0000
0000
0000
0000
0000
0000
0000
0000
0000
0000
0000
0000
0000
0000
0000
0000
0000
0000
0000
0000
0000
0000
0000
0000
0000
0000
0000
0000
0000
0000
0000
0000
0000
0000
0000
0000
0000
0000
0000
0000
0000
0000
0000
0000
0000
0000
0000
0000
0000
0000
0000
0000
0000
0000
0000
0000
0000
0000
0000
0000
0000
0000
0000
0000
0000
0000
0000
0000
0000
0000
0000
0000
0000
0000
0000
0000
0000
0000
0000
000f
afff
0000
aaff
0000
aaaf
2200
aaaf
2220
a220
2200
aa22
2000
aa02
0000
0000
abaa
fbaa
0aaa
ba00
0aaa
a000
0aaa
0022
022a
0222
220a
0022
2000
0002
0000
0000
00ff
0000
00ff
0000
000f
0000
0000
0000
0000
0000
0000
0000
0000
0000
0000
0000
0000
0000
0000
0000
0000
0000
0000
0000
0000
0000
0000
0000
0000
0000
0000
0000
0000
7f00
0000
1100
0000
cc00
0000
ccc0
2200
cccc
0000
cc22
2200
ccc5
0000
cc50
0000
0000
0000
0000
0000
0000
0008
0000
008c
0000
008c
0000
008c
0000
0008
0000
0000
0000
0000
0000
0000
0000
0000
0000
0000
0000
0000
0000
0000
0000
0000
0000
0000
0000
0000
0000
0000
0000
0000
0000
0000
0000
0000
0000
0000
0000
0000
0000
0000
0000
0000
0000
0000
0000
0000
0000
0000
0000
0000
0000
0000
0000
0000
0000
0000
0000
0000
0000
0000
0000
0000
0000
0000
0000
0000
0000
0000
0000
0000
0000
0000
0000
0000
0000
0000
0000
0000
0000
0000
0000
0000
0000
0000
0000
0000
0000
0000
0000
0000
0000
0000
0000
0000
0000
0000
0000
0000
0000
0000
0000
0000
0000
0000
0000
0000
0000
0000
0000
0000
0000
0000
0000
0000
0000
0000
0000
0000
0000
0000
0000
0000
0000
0000
0000
0000
0000
0000
0000
0000
0000
0000
0000
0000
0000
0000
0000
0000
0000
0000
0000
0000
0000
0000
0000
0000
0000
0000
0000
0000
0000
0000
0000
0000
0000
0000
0000
0000
0000
0000
0000
0000
0000
0000
0000
0000
0000
0000
0000
0000
0000
0000
0000
0000
0000
0000
0000
0000
0000
0000
0000
0000
0000
0000
0000
0000
0000
0000
0000
0000
0000
0000
0000
0000
0000
0000
0000
0000
0000
0000
0000
0000
0000
0000
0000
0000
0000
0000
0000
0000
0000
0000
0000
0000
0000
0000
0000
0000
0000
0000
0000
0000
0000
0000
0000
0000
0000
0000
0000
0000
0000
0000
0000
0000
0000
0000
0000
0000
0000
0000
0000
0000
0000
0000
0000
0000
0000
0000
0000
0000
0000
0000
0000
0000
0000
0000
0000
0000
0000
0000
0000
0000
0000
0000
0000
0000
0000
0000
0000
0000
0000
0000
0000
0000
0000
0000
0000
0000
0000
0000
0000
0000
0000
0000
0000
0000
0000
0000
0000
0000
0000
0000
0000
0000
0000
0000
0000
0000
0000
0000
0000
0000
0000
0000
0000
0000
0000
0000
0000
0000
0000
0000
0000
0000
0000
0000
0000
0000
0000
0000
0000
0000
0000
0000
0000
0000
0000
0000
0000
0000
0000
0000
0000
0000
0000
0000
0000
0000
0000
0000
0000
0000
0000
0000
0000
0000
0000
0000
0000
0000
0000
0000
0000
0000
0000
0000
0000
0000
0000
0000
0000
0000
0000
0000
0000
0000
0000
0000
0000
0000
0000
0000
0000
0000
0000
0000
0000
0000
0000
0000
0000
0000
0000
0000
0000
0000
0000
0000
0000
0000
0000
0000
0000
0000
0000
0000
0000
0000
0000
0000
0000
0000
0000
0000
0000
0000
0000
0000
0000
0000
0000
0000
0000
0000
0000
0000
0000
0000
0000
0000
0000
0000
0000
0000
0000
0000
0000
0000
0000
0000
0000
0000
0000
0000
0000
0000
0000
0000
0000
0000
0000
0000
0000
0000
0000
0000
0000
0000
0000
0000
0000
0000
0000
0000
0000
0000
0000
0000
0000
0000
0000
0000
0000
0000
0000
0000
0000
0000
0000
0000
0000
0000
0000
0000
0000
0000
0000
0000
0000
0000
0000
0000
0000
0000
0000
0000
0000
0000
0000
0000
0000
0000
0000
0000
0000
0000
0000
0000
0000
0000
0000
0000
0000
0000
0000
0000
0000
0000
0000
0000
0000
0000
0000
0000
0000
0000
0000
0000
0000
0000
0000
0000
0000
0000
0000
0000
0000
0000
0000
0000
0000
0000
0000
0000
0000
0000
0000
0000
0000
0000
0000
0000
0000
0000
0000
0000
0000
0000
0000
0000
0000
0000
0000
0000
0000
0000
0000
0000
0000
0000
0000
0000
0000
0000
0000
0000
0000
0000
0000
0000
0000
0000
0000
0000
0000
0000
0000
0000
0000
0000
0000
0000
0000
0000
0000
0000
0000
0000
0000
0000
0000
0000
0000
0000
0000
0000
0000
0000
0000
0000
0000
0000
0000
0000
0000
0000
0000
0000
0000
0000
0000
0000
0000
0000
0000
0000
0000
0000
0000
0000
0000
0000
0000
0000
0000
0000
0000
0000
0000
0000
0000
0000
0000
0000
0000
0000
0000
0000
0000
0000
0000
0000
0000
0000
0000
0000
0000
0000
0000
0000
0000
0000
0000
0000
0000
0000
0000
0000
0000
0000
0000
0000
0000
0000
0000
0000
0000
0000
0000
0000
0000
0000
0000
0000
0000
0000
0000
0000
0000
0000
0000
0000
0000
0000
0000
0000
0000
0000
0000
0000
0000
0000
0000
0000
0000
0000
0000
0000
0000
0000
0000
0000
0000
0000
0000
0000
0000
0000
0000
0000
0000
0000
0000
0000
0000
0000
0000
0000
0000
0000
0000
0000
0000
0000
0000
0000
0000
0000
0000
0000
0000
0000
0000
0000
0000
0000
0000
0000
0000
0000
0000
0000
0000
0000
0000
0000
0000
0000
0000
0000
0000
0000
0000
0000
0000
0000
0000
0000
0000
0000
0000
0000
0000
0000
0000
0000
0000
0000
0000
0000
0000
0000
0000
0000
0000
0000
0000
0000
0000
0000
0000
0000
0000
0000
0000
0000
0000
0000
0000
0000
0000
0000
0000
0000
0000
0000
0000
0000
0000
0000
0000
0000
0000
0000
0000
0000
0000
0000
0000
0000
0000
0000
0000
0000
0000
0000
0000
0000
0000
0000
0000
0000
0000
0000
0000
0000
0000
0000
0000
0000
0000
0000
0000
0000
0000
0000
0000
0000
0000
0000
0000
0000
0000
0000
0000
0000
0000
0000
0000
0000
0000
0000
0000
0000
0000
0000
0000
0000
0000
0000
0000
0000
0000
0000
0000
0000
0000
0000
0000
0000
0000
0000
0000
0000
0000
0000
0000
0000
0000
0000
0000
0000
0000
0000
0000
0000
0000
0000
0000
0000
0000
0000
0000
0000
0000
0000
0000
0000
0000
0000
0000
0000
0000
0000
0000
0000
0000
0000
0000
0000
0000
0000
0000
0000
0000
0000
0000
0000
0000
